100
1 2 99.999
1 3 99.999
1 4 99.999
1 5 99.999
1 6 99.999
1 7 99.999
1 8 99.999
1 9 99.999
1 10 99.999
1 11 99.999
1 12 99.999
1 13 99.999
1 14 99.999
1 15 99.999
1 16 99.999
1 17 99.999
1 18 99.999
1 19 99.999
1 20 99.999
1 21 99.999
1 22 99.999
1 23 99.999
1 24 99.999
1 25 99.999
1 26 99.999
1 27 99.999
1 28 99.999
1 29 99.999
1 30 99.999
1 31 99.999
1 32 99.999
1 33 99.999
1 34 99.999
1 35 99.999
1 36 99.999
1 37 99.999
1 38 99.999
1 39 99.999
1 40 99.999
1 41 99.999
1 42 99.999
1 43 99.999
1 44 99.999
1 45 99.999
1 46 99.999
1 47 99.999
1 48 99.999
1 49 99.999
1 50 99.999
1 51 99.999
1 52 99.999
1 53 99.999
1 54 99.999
1 55 99.999
1 56 99.999
1 57 99.999
1 58 99.999
1 59 99.999
1 60 99.999
1 61 99.999
1 62 99.999
1 63 99.999
1 64 99.999
1 65 99.999
1 66 99.999
1 67 99.999
1 68 99.999
1 69 99.999
1 70 99.999
1 71 99.999
1 72 99.999
1 73 99.999
1 74 99.999
1 75 99.999
1 76 99.999
1 77 99.999
1 78 99.999
1 79 99.999
1 80 99.999
1 81 99.999
1 82 99.999
1 83 99.999
1 84 99.999
1 85 99.999
1 86 99.999
1 87 99.999
1 88 99.999
1 89 99.999
1 90 99.999
1 91 99.999
1 92 99.999
1 93 99.999
1 94 99.999
1 95 99.999
1 96 99.999
1 97 99.999
1 98 99.999
1 99 99.999
1 100 99.999
2 3 99.999
2 4 99.999
2 5 99.999
2 6 99.999
2 7 99.999
2 8 99.999
2 9 99.999
2 10 99.999
2 11 99.999
2 12 99.999
2 13 99.999
2 14 99.999
2 15 99.999
2 16 99.999
2 17 99.999
2 18 99.999
2 19 99.999
2 20 99.999
2 21 99.999
2 22 99.999
2 23 99.999
2 24 99.999
2 25 99.999
2 26 99.999
2 27 99.999
2 28 99.999
2 29 99.999
2 30 99.999
2 31 99.999
2 32 99.999
2 33 99.999
2 34 99.999
2 35 99.999
2 36 99.999
2 37 99.999
2 38 99.999
2 39 99.999
2 40 99.999
2 41 99.999
2 42 99.999
2 43 99.999
2 44 99.999
2 45 99.999
2 46 99.999
2 47 99.999
2 48 99.999
2 49 99.999
2 50 99.999
2 51 99.999
2 52 99.999
2 53 99.999
2 54 99.999
2 55 99.999
2 56 99.999
2 57 99.999
2 58 99.999
2 59 99.999
2 60 99.999
2 61 99.999
2 62 99.999
2 63 99.999
2 64 99.999
2 65 99.999
2 66 99.999
2 67 99.999
2 68 99.999
2 69 99.999
2 70 99.999
2 71 99.999
2 72 99.999
2 73 99.999
2 74 99.999
2 75 99.999
2 76 99.999
2 77 99.999
2 78 99.999
2 79 99.999
2 80 99.999
2 81 99.999
2 82 99.999
2 83 99.999
2 84 99.999
2 85 99.999
2 86 99.999
2 87 99.999
2 88 99.999
2 89 99.999
2 90 99.999
2 91 99.999
2 92 99.999
2 93 99.999
2 94 99.999
2 95 99.999
2 96 99.999
2 97 99.999
2 98 99.999
2 99 99.999
2 100 99.999
3 4 99.999
3 5 99.999
3 6 99.999
3 7 99.999
3 8 99.999
3 9 99.999
3 10 99.999
3 11 99.999
3 12 99.999
3 13 99.999
3 14 99.999
3 15 99.999
3 16 99.999
3 17 99.999
3 18 99.999
3 19 99.999
3 20 99.999
3 21 99.999
3 22 99.999
3 23 99.999
3 24 99.999
3 25 99.999
3 26 99.999
3 27 99.999
3 28 99.999
3 29 99.999
3 30 99.999
3 31 99.999
3 32 99.999
3 33 99.999
3 34 99.999
3 35 99.999
3 36 99.999
3 37 99.999
3 38 99.999
3 39 99.999
3 40 99.999
3 41 99.999
3 42 99.999
3 43 99.999
3 44 99.999
3 45 99.999
3 46 99.999
3 47 99.999
3 48 99.999
3 49 99.999
3 50 99.999
3 51 99.999
3 52 99.999
3 53 99.999
3 54 99.999
3 55 99.999
3 56 99.999
3 57 99.999
3 58 99.999
3 59 99.999
3 60 99.999
3 61 99.999
3 62 99.999
3 63 99.999
3 64 99.999
3 65 99.999
3 66 99.999
3 67 99.999
3 68 99.999
3 69 99.999
3 70 99.999
3 71 99.999
3 72 99.999
3 73 99.999
3 74 99.999
3 75 99.999
3 76 99.999
3 77 99.999
3 78 99.999
3 79 99.999
3 80 99.999
3 81 99.999
3 82 99.999
3 83 99.999
3 84 99.999
3 85 99.999
3 86 99.999
3 87 99.999
3 88 99.999
3 89 99.999
3 90 99.999
3 91 99.999
3 92 99.999
3 93 99.999
3 94 99.999
3 95 99.999
3 96 99.999
3 97 99.999
3 98 99.999
3 99 99.999
3 100 99.999
4 5 99.999
4 6 99.999
4 7 99.999
4 8 99.999
4 9 99.999
4 10 99.999
4 11 99.999
4 12 99.999
4 13 99.999
4 14 99.999
4 15 99.999
4 16 99.999
4 17 99.999
4 18 99.999
4 19 99.999
4 20 99.999
4 21 99.999
4 22 99.999
4 23 99.999
4 24 99.999
4 25 99.999
4 26 99.999
4 27 99.999
4 28 99.999
4 29 99.999
4 30 99.999
4 31 99.999
4 32 99.999
4 33 99.999
4 34 99.999
4 35 99.999
4 36 99.999
4 37 99.999
4 38 99.999
4 39 99.999
4 40 99.999
4 41 99.999
4 42 99.999
4 43 99.999
4 44 99.999
4 45 99.999
4 46 99.999
4 47 99.999
4 48 99.999
4 49 99.999
4 50 99.999
4 51 99.999
4 52 99.999
4 53 99.999
4 54 99.999
4 55 99.999
4 56 99.999
4 57 99.999
4 58 99.999
4 59 99.999
4 60 99.999
4 61 99.999
4 62 99.999
4 63 99.999
4 64 99.999
4 65 99.999
4 66 99.999
4 67 99.999
4 68 99.999
4 69 99.999
4 70 99.999
4 71 99.999
4 72 99.999
4 73 99.999
4 74 99.999
4 75 99.999
4 76 99.999
4 77 99.999
4 78 99.999
4 79 99.999
4 80 99.999
4 81 99.999
4 82 99.999
4 83 99.999
4 84 99.999
4 85 99.999
4 86 99.999
4 87 99.999
4 88 99.999
4 89 99.999
4 90 99.999
4 91 99.999
4 92 99.999
4 93 99.999
4 94 99.999
4 95 99.999
4 96 99.999
4 97 99.999
4 98 99.999
4 99 99.999
4 100 99.999
5 6 99.999
5 7 99.999
5 8 99.999
5 9 99.999
5 10 99.999
5 11 99.999
5 12 99.999
5 13 99.999
5 14 99.999
5 15 99.999
5 16 99.999
5 17 99.999
5 18 99.999
5 19 99.999
5 20 99.999
5 21 99.999
5 22 99.999
5 23 99.999
5 24 99.999
5 25 99.999
5 26 99.999
5 27 99.999
5 28 99.999
5 29 99.999
5 30 99.999
5 31 99.999
5 32 99.999
5 33 99.999
5 34 99.999
5 35 99.999
5 36 99.999
5 37 99.999
5 38 99.999
5 39 99.999
5 40 99.999
5 41 99.999
5 42 99.999
5 43 99.999
5 44 99.999
5 45 99.999
5 46 99.999
5 47 99.999
5 48 99.999
5 49 99.999
5 50 99.999
5 51 99.999
5 52 99.999
5 53 99.999
5 54 99.999
5 55 99.999
5 56 99.999
5 57 99.999
5 58 99.999
5 59 99.999
5 60 99.999
5 61 99.999
5 62 99.999
5 63 99.999
5 64 99.999
5 65 99.999
5 66 99.999
5 67 99.999
5 68 99.999
5 69 99.999
5 70 99.999
5 71 99.999
5 72 99.999
5 73 99.999
5 74 99.999
5 75 99.999
5 76 99.999
5 77 99.999
5 78 99.999
5 79 99.999
5 80 99.999
5 81 99.999
5 82 99.999
5 83 99.999
5 84 99.999
5 85 99.999
5 86 99.999
5 87 99.999
5 88 99.999
5 89 99.999
5 90 99.999
5 91 99.999
5 92 99.999
5 93 99.999
5 94 99.999
5 95 99.999
5 96 99.999
5 97 99.999
5 98 99.999
5 99 99.999
5 100 99.999
6 7 99.999
6 8 99.999
6 9 99.999
6 10 99.999
6 11 99.999
6 12 99.999
6 13 99.999
6 14 99.999
6 15 99.999
6 16 99.999
6 17 99.999
6 18 99.999
6 19 99.999
6 20 99.999
6 21 99.999
6 22 99.999
6 23 99.999
6 24 99.999
6 25 99.999
6 26 99.999
6 27 99.999
6 28 99.999
6 29 99.999
6 30 99.999
6 31 99.999
6 32 99.999
6 33 99.999
6 34 99.999
6 35 99.999
6 36 99.999
6 37 99.999
6 38 99.999
6 39 99.999
6 40 99.999
6 41 99.999
6 42 99.999
6 43 99.999
6 44 99.999
6 45 99.999
6 46 99.999
6 47 99.999
6 48 99.999
6 49 99.999
6 50 99.999
6 51 99.999
6 52 99.999
6 53 99.999
6 54 99.999
6 55 99.999
6 56 99.999
6 57 99.999
6 58 99.999
6 59 99.999
6 60 99.999
6 61 99.999
6 62 99.999
6 63 99.999
6 64 99.999
6 65 99.999
6 66 99.999
6 67 99.999
6 68 99.999
6 69 99.999
6 70 99.999
6 71 99.999
6 72 99.999
6 73 99.999
6 74 99.999
6 75 99.999
6 76 99.999
6 77 99.999
6 78 99.999
6 79 99.999
6 80 99.999
6 81 99.999
6 82 99.999
6 83 99.999
6 84 99.999
6 85 99.999
6 86 99.999
6 87 99.999
6 88 99.999
6 89 99.999
6 90 99.999
6 91 99.999
6 92 99.999
6 93 99.999
6 94 99.999
6 95 99.999
6 96 99.999
6 97 99.999
6 98 99.999
6 99 99.999
6 100 99.999
7 8 99.999
7 9 99.999
7 10 99.999
7 11 99.999
7 12 99.999
7 13 99.999
7 14 99.999
7 15 99.999
7 16 99.999
7 17 99.999
7 18 99.999
7 19 99.999
7 20 99.999
7 21 99.999
7 22 99.999
7 23 99.999
7 24 99.999
7 25 99.999
7 26 99.999
7 27 99.999
7 28 99.999
7 29 99.999
7 30 99.999
7 31 99.999
7 32 99.999
7 33 99.999
7 34 99.999
7 35 99.999
7 36 99.999
7 37 99.999
7 38 99.999
7 39 99.999
7 40 99.999
7 41 99.999
7 42 99.999
7 43 99.999
7 44 99.999
7 45 99.999
7 46 99.999
7 47 99.999
7 48 99.999
7 49 99.999
7 50 99.999
7 51 99.999
7 52 99.999
7 53 99.999
7 54 99.999
7 55 99.999
7 56 99.999
7 57 99.999
7 58 99.999
7 59 99.999
7 60 99.999
7 61 99.999
7 62 99.999
7 63 99.999
7 64 99.999
7 65 99.999
7 66 99.999
7 67 99.999
7 68 99.999
7 69 99.999
7 70 99.999
7 71 99.999
7 72 99.999
7 73 99.999
7 74 99.999
7 75 99.999
7 76 99.999
7 77 99.999
7 78 99.999
7 79 99.999
7 80 99.999
7 81 99.999
7 82 99.999
7 83 99.999
7 84 99.999
7 85 99.999
7 86 99.999
7 87 99.999
7 88 99.999
7 89 99.999
7 90 99.999
7 91 99.999
7 92 99.999
7 93 99.999
7 94 99.999
7 95 99.999
7 96 99.999
7 97 99.999
7 98 99.999
7 99 99.999
7 100 99.999
8 9 99.999
8 10 99.999
8 11 99.999
8 12 99.999
8 13 99.999
8 14 99.999
8 15 99.999
8 16 99.999
8 17 99.999
8 18 99.999
8 19 99.999
8 20 99.999
8 21 99.999
8 22 99.999
8 23 99.999
8 24 99.999
8 25 99.999
8 26 99.999
8 27 99.999
8 28 99.999
8 29 99.999
8 30 99.999
8 31 99.999
8 32 99.999
8 33 99.999
8 34 99.999
8 35 99.999
8 36 99.999
8 37 99.999
8 38 99.999
8 39 99.999
8 40 99.999
8 41 99.999
8 42 99.999
8 43 99.999
8 44 99.999
8 45 99.999
8 46 99.999
8 47 99.999
8 48 99.999
8 49 99.999
8 50 99.999
8 51 99.999
8 52 99.999
8 53 99.999
8 54 99.999
8 55 99.999
8 56 99.999
8 57 99.999
8 58 99.999
8 59 99.999
8 60 99.999
8 61 99.999
8 62 99.999
8 63 99.999
8 64 99.999
8 65 99.999
8 66 99.999
8 67 99.999
8 68 99.999
8 69 99.999
8 70 99.999
8 71 99.999
8 72 99.999
8 73 99.999
8 74 99.999
8 75 99.999
8 76 99.999
8 77 99.999
8 78 99.999
8 79 99.999
8 80 99.999
8 81 99.999
8 82 99.999
8 83 99.999
8 84 99.999
8 85 99.999
8 86 99.999
8 87 99.999
8 88 99.999
8 89 99.999
8 90 99.999
8 91 99.999
8 92 99.999
8 93 99.999
8 94 99.999
8 95 99.999
8 96 99.999
8 97 99.999
8 98 99.999
8 99 99.999
8 100 99.999
9 10 99.999
9 11 99.999
9 12 99.999
9 13 99.999
9 14 99.999
9 15 99.999
9 16 99.999
9 17 99.999
9 18 99.999
9 19 99.999
9 20 99.999
9 21 99.999
9 22 99.999
9 23 99.999
9 24 99.999
9 25 99.999
9 26 99.999
9 27 99.999
9 28 99.999
9 29 99.999
9 30 99.999
9 31 99.999
9 32 99.999
9 33 99.999
9 34 99.999
9 35 99.999
9 36 99.999
9 37 99.999
9 38 99.999
9 39 99.999
9 40 99.999
9 41 99.999
9 42 99.999
9 43 99.999
9 44 99.999
9 45 99.999
9 46 99.999
9 47 99.999
9 48 99.999
9 49 99.999
9 50 99.999
9 51 99.999
9 52 99.999
9 53 99.999
9 54 99.999
9 55 99.999
9 56 99.999
9 57 99.999
9 58 99.999
9 59 99.999
9 60 99.999
9 61 99.999
9 62 99.999
9 63 99.999
9 64 99.999
9 65 99.999
9 66 99.999
9 67 99.999
9 68 99.999
9 69 99.999
9 70 99.999
9 71 99.999
9 72 99.999
9 73 99.999
9 74 99.999
9 75 99.999
9 76 99.999
9 77 99.999
9 78 99.999
9 79 99.999
9 80 99.999
9 81 99.999
9 82 99.999
9 83 99.999
9 84 99.999
9 85 99.999
9 86 99.999
9 87 99.999
9 88 99.999
9 89 99.999
9 90 99.999
9 91 99.999
9 92 99.999
9 93 99.999
9 94 99.999
9 95 99.999
9 96 99.999
9 97 99.999
9 98 99.999
9 99 99.999
9 100 99.999
10 11 99.999
10 12 99.999
10 13 99.999
10 14 99.999
10 15 99.999
10 16 99.999
10 17 99.999
10 18 99.999
10 19 99.999
10 20 99.999
10 21 99.999
10 22 99.999
10 23 99.999
10 24 99.999
10 25 99.999
10 26 99.999
10 27 99.999
10 28 99.999
10 29 99.999
10 30 99.999
10 31 99.999
10 32 99.999
10 33 99.999
10 34 99.999
10 35 99.999
10 36 99.999
10 37 99.999
10 38 99.999
10 39 99.999
10 40 99.999
10 41 99.999
10 42 99.999
10 43 99.999
10 44 99.999
10 45 99.999
10 46 99.999
10 47 99.999
10 48 99.999
10 49 99.999
10 50 99.999
10 51 99.999
10 52 99.999
10 53 99.999
10 54 99.999
10 55 99.999
10 56 99.999
10 57 99.999
10 58 99.999
10 59 99.999
10 60 99.999
10 61 99.999
10 62 99.999
10 63 99.999
10 64 99.999
10 65 99.999
10 66 99.999
10 67 99.999
10 68 99.999
10 69 99.999
10 70 99.999
10 71 99.999
10 72 99.999
10 73 99.999
10 74 99.999
10 75 99.999
10 76 99.999
10 77 99.999
10 78 99.999
10 79 99.999
10 80 99.999
10 81 99.999
10 82 99.999
10 83 99.999
10 84 99.999
10 85 99.999
10 86 99.999
10 87 99.999
10 88 99.999
10 89 99.999
10 90 99.999
10 91 99.999
10 92 99.999
10 93 99.999
10 94 99.999
10 95 99.999
10 96 99.999
10 97 99.999
10 98 99.999
10 99 99.999
10 100 99.999
11 12 99.999
11 13 99.999
11 14 99.999
11 15 99.999
11 16 99.999
11 17 99.999
11 18 99.999
11 19 99.999
11 20 99.999
11 21 99.999
11 22 99.999
11 23 99.999
11 24 99.999
11 25 99.999
11 26 99.999
11 27 99.999
11 28 99.999
11 29 99.999
11 30 99.999
11 31 99.999
11 32 99.999
11 33 99.999
11 34 99.999
11 35 99.999
11 36 99.999
11 37 99.999
11 38 99.999
11 39 99.999
11 40 99.999
11 41 99.999
11 42 99.999
11 43 99.999
11 44 99.999
11 45 99.999
11 46 99.999
11 47 99.999
11 48 99.999
11 49 99.999
11 50 99.999
11 51 99.999
11 52 99.999
11 53 99.999
11 54 99.999
11 55 99.999
11 56 99.999
11 57 99.999
11 58 99.999
11 59 99.999
11 60 99.999
11 61 99.999
11 62 99.999
11 63 99.999
11 64 99.999
11 65 99.999
11 66 99.999
11 67 99.999
11 68 99.999
11 69 99.999
11 70 99.999
11 71 99.999
11 72 99.999
11 73 99.999
11 74 99.999
11 75 99.999
11 76 99.999
11 77 99.999
11 78 99.999
11 79 99.999
11 80 99.999
11 81 99.999
11 82 99.999
11 83 99.999
11 84 99.999
11 85 99.999
11 86 99.999
11 87 99.999
11 88 99.999
11 89 99.999
11 90 99.999
11 91 99.999
11 92 99.999
11 93 99.999
11 94 99.999
11 95 99.999
11 96 99.999
11 97 99.999
11 98 99.999
11 99 99.999
11 100 99.999
12 13 99.999
12 14 99.999
12 15 99.999
12 16 99.999
12 17 99.999
12 18 99.999
12 19 99.999
12 20 99.999
12 21 99.999
12 22 99.999
12 23 99.999
12 24 99.999
12 25 99.999
12 26 99.999
12 27 99.999
12 28 99.999
12 29 99.999
12 30 99.999
12 31 99.999
12 32 99.999
12 33 99.999
12 34 99.999
12 35 99.999
12 36 99.999
12 37 99.999
12 38 99.999
12 39 99.999
12 40 99.999
12 41 99.999
12 42 99.999
12 43 99.999
12 44 99.999
12 45 99.999
12 46 99.999
12 47 99.999
12 48 99.999
12 49 99.999
12 50 99.999
12 51 99.999
12 52 99.999
12 53 99.999
12 54 99.999
12 55 99.999
12 56 99.999
12 57 99.999
12 58 99.999
12 59 99.999
12 60 99.999
12 61 99.999
12 62 99.999
12 63 99.999
12 64 99.999
12 65 99.999
12 66 99.999
12 67 99.999
12 68 99.999
12 69 99.999
12 70 99.999
12 71 99.999
12 72 99.999
12 73 99.999
12 74 99.999
12 75 99.999
12 76 99.999
12 77 99.999
12 78 99.999
12 79 99.999
12 80 99.999
12 81 99.999
12 82 99.999
12 83 99.999
12 84 99.999
12 85 99.999
12 86 99.999
12 87 99.999
12 88 99.999
12 89 99.999
12 90 99.999
12 91 99.999
12 92 99.999
12 93 99.999
12 94 99.999
12 95 99.999
12 96 99.999
12 97 99.999
12 98 99.999
12 99 99.999
12 100 99.999
13 14 99.999
13 15 99.999
13 16 99.999
13 17 99.999
13 18 99.999
13 19 99.999
13 20 99.999
13 21 99.999
13 22 99.999
13 23 99.999
13 24 99.999
13 25 99.999
13 26 99.999
13 27 99.999
13 28 99.999
13 29 99.999
13 30 99.999
13 31 99.999
13 32 99.999
13 33 99.999
13 34 99.999
13 35 99.999
13 36 99.999
13 37 99.999
13 38 99.999
13 39 99.999
13 40 99.999
13 41 99.999
13 42 99.999
13 43 99.999
13 44 99.999
13 45 99.999
13 46 99.999
13 47 99.999
13 48 99.999
13 49 99.999
13 50 99.999
13 51 99.999
13 52 99.999
13 53 99.999
13 54 99.999
13 55 99.999
13 56 99.999
13 57 99.999
13 58 99.999
13 59 99.999
13 60 99.999
13 61 99.999
13 62 99.999
13 63 99.999
13 64 99.999
13 65 99.999
13 66 99.999
13 67 99.999
13 68 99.999
13 69 99.999
13 70 99.999
13 71 99.999
13 72 99.999
13 73 99.999
13 74 99.999
13 75 99.999
13 76 99.999
13 77 99.999
13 78 99.999
13 79 99.999
13 80 99.999
13 81 99.999
13 82 99.999
13 83 99.999
13 84 99.999
13 85 99.999
13 86 99.999
13 87 99.999
13 88 99.999
13 89 99.999
13 90 99.999
13 91 99.999
13 92 99.999
13 93 99.999
13 94 99.999
13 95 99.999
13 96 99.999
13 97 99.999
13 98 99.999
13 99 99.999
13 100 99.999
14 15 99.999
14 16 99.999
14 17 99.999
14 18 99.999
14 19 99.999
14 20 99.999
14 21 99.999
14 22 99.999
14 23 99.999
14 24 99.999
14 25 99.999
14 26 99.999
14 27 99.999
14 28 99.999
14 29 99.999
14 30 99.999
14 31 99.999
14 32 99.999
14 33 99.999
14 34 99.999
14 35 99.999
14 36 99.999
14 37 99.999
14 38 99.999
14 39 99.999
14 40 99.999
14 41 99.999
14 42 99.999
14 43 99.999
14 44 99.999
14 45 99.999
14 46 99.999
14 47 99.999
14 48 99.999
14 49 99.999
14 50 99.999
14 51 99.999
14 52 99.999
14 53 99.999
14 54 99.999
14 55 99.999
14 56 99.999
14 57 99.999
14 58 99.999
14 59 99.999
14 60 99.999
14 61 99.999
14 62 99.999
14 63 99.999
14 64 99.999
14 65 99.999
14 66 99.999
14 67 99.999
14 68 99.999
14 69 99.999
14 70 99.999
14 71 99.999
14 72 99.999
14 73 99.999
14 74 99.999
14 75 99.999
14 76 99.999
14 77 99.999
14 78 99.999
14 79 99.999
14 80 99.999
14 81 99.999
14 82 99.999
14 83 99.999
14 84 99.999
14 85 99.999
14 86 99.999
14 87 99.999
14 88 99.999
14 89 99.999
14 90 99.999
14 91 99.999
14 92 99.999
14 93 99.999
14 94 99.999
14 95 99.999
14 96 99.999
14 97 99.999
14 98 99.999
14 99 99.999
14 100 99.999
15 16 99.999
15 17 99.999
15 18 99.999
15 19 99.999
15 20 99.999
15 21 99.999
15 22 99.999
15 23 99.999
15 24 99.999
15 25 99.999
15 26 99.999
15 27 99.999
15 28 99.999
15 29 99.999
15 30 99.999
15 31 99.999
15 32 99.999
15 33 99.999
15 34 99.999
15 35 99.999
15 36 99.999
15 37 99.999
15 38 99.999
15 39 99.999
15 40 99.999
15 41 99.999
15 42 99.999
15 43 99.999
15 44 99.999
15 45 99.999
15 46 99.999
15 47 99.999
15 48 99.999
15 49 99.999
15 50 99.999
15 51 99.999
15 52 99.999
15 53 99.999
15 54 99.999
15 55 99.999
15 56 99.999
15 57 99.999
15 58 99.999
15 59 99.999
15 60 99.999
15 61 99.999
15 62 99.999
15 63 99.999
15 64 99.999
15 65 99.999
15 66 99.999
15 67 99.999
15 68 99.999
15 69 99.999
15 70 99.999
15 71 99.999
15 72 99.999
15 73 99.999
15 74 99.999
15 75 99.999
15 76 99.999
15 77 99.999
15 78 99.999
15 79 99.999
15 80 99.999
15 81 99.999
15 82 99.999
15 83 99.999
15 84 99.999
15 85 99.999
15 86 99.999
15 87 99.999
15 88 99.999
15 89 99.999
15 90 99.999
15 91 99.999
15 92 99.999
15 93 99.999
15 94 99.999
15 95 99.999
15 96 99.999
15 97 99.999
15 98 99.999
15 99 99.999
15 100 99.999
16 17 99.999
16 18 99.999
16 19 99.999
16 20 99.999
16 21 99.999
16 22 99.999
16 23 99.999
16 24 99.999
16 25 99.999
16 26 99.999
16 27 99.999
16 28 99.999
16 29 99.999
16 30 99.999
16 31 99.999
16 32 99.999
16 33 99.999
16 34 99.999
16 35 99.999
16 36 99.999
16 37 99.999
16 38 99.999
16 39 99.999
16 40 99.999
16 41 99.999
16 42 99.999
16 43 99.999
16 44 99.999
16 45 99.999
16 46 99.999
16 47 99.999
16 48 99.999
16 49 99.999
16 50 99.999
16 51 99.999
16 52 99.999
16 53 99.999
16 54 99.999
16 55 99.999
16 56 99.999
16 57 99.999
16 58 99.999
16 59 99.999
16 60 99.999
16 61 99.999
16 62 99.999
16 63 99.999
16 64 99.999
16 65 99.999
16 66 99.999
16 67 99.999
16 68 99.999
16 69 99.999
16 70 99.999
16 71 99.999
16 72 99.999
16 73 99.999
16 74 99.999
16 75 99.999
16 76 99.999
16 77 99.999
16 78 99.999
16 79 99.999
16 80 99.999
16 81 99.999
16 82 99.999
16 83 99.999
16 84 99.999
16 85 99.999
16 86 99.999
16 87 99.999
16 88 99.999
16 89 99.999
16 90 99.999
16 91 99.999
16 92 99.999
16 93 99.999
16 94 99.999
16 95 99.999
16 96 99.999
16 97 99.999
16 98 99.999
16 99 99.999
16 100 99.999
17 18 99.999
17 19 99.999
17 20 99.999
17 21 99.999
17 22 99.999
17 23 99.999
17 24 99.999
17 25 99.999
17 26 99.999
17 27 99.999
17 28 99.999
17 29 99.999
17 30 99.999
17 31 99.999
17 32 99.999
17 33 99.999
17 34 99.999
17 35 99.999
17 36 99.999
17 37 99.999
17 38 99.999
17 39 99.999
17 40 99.999
17 41 99.999
17 42 99.999
17 43 99.999
17 44 99.999
17 45 99.999
17 46 99.999
17 47 99.999
17 48 99.999
17 49 99.999
17 50 99.999
17 51 99.999
17 52 99.999
17 53 99.999
17 54 99.999
17 55 99.999
17 56 99.999
17 57 99.999
17 58 99.999
17 59 99.999
17 60 99.999
17 61 99.999
17 62 99.999
17 63 99.999
17 64 99.999
17 65 99.999
17 66 99.999
17 67 99.999
17 68 99.999
17 69 99.999
17 70 99.999
17 71 99.999
17 72 99.999
17 73 99.999
17 74 99.999
17 75 99.999
17 76 99.999
17 77 99.999
17 78 99.999
17 79 99.999
17 80 99.999
17 81 99.999
17 82 99.999
17 83 99.999
17 84 99.999
17 85 99.999
17 86 99.999
17 87 99.999
17 88 99.999
17 89 99.999
17 90 99.999
17 91 99.999
17 92 99.999
17 93 99.999
17 94 99.999
17 95 99.999
17 96 99.999
17 97 99.999
17 98 99.999
17 99 99.999
17 100 99.999
18 19 99.999
18 20 99.999
18 21 99.999
18 22 99.999
18 23 99.999
18 24 99.999
18 25 99.999
18 26 99.999
18 27 99.999
18 28 99.999
18 29 99.999
18 30 99.999
18 31 99.999
18 32 99.999
18 33 99.999
18 34 99.999
18 35 99.999
18 36 99.999
18 37 99.999
18 38 99.999
18 39 99.999
18 40 99.999
18 41 99.999
18 42 99.999
18 43 99.999
18 44 99.999
18 45 99.999
18 46 99.999
18 47 99.999
18 48 99.999
18 49 99.999
18 50 99.999
18 51 99.999
18 52 99.999
18 53 99.999
18 54 99.999
18 55 99.999
18 56 99.999
18 57 99.999
18 58 99.999
18 59 99.999
18 60 99.999
18 61 99.999
18 62 99.999
18 63 99.999
18 64 99.999
18 65 99.999
18 66 99.999
18 67 99.999
18 68 99.999
18 69 99.999
18 70 99.999
18 71 99.999
18 72 99.999
18 73 99.999
18 74 99.999
18 75 99.999
18 76 99.999
18 77 99.999
18 78 99.999
18 79 99.999
18 80 99.999
18 81 99.999
18 82 99.999
18 83 99.999
18 84 99.999
18 85 99.999
18 86 99.999
18 87 99.999
18 88 99.999
18 89 99.999
18 90 99.999
18 91 99.999
18 92 99.999
18 93 99.999
18 94 99.999
18 95 99.999
18 96 99.999
18 97 99.999
18 98 99.999
18 99 99.999
18 100 99.999
19 20 99.999
19 21 99.999
19 22 99.999
19 23 99.999
19 24 99.999
19 25 99.999
19 26 99.999
19 27 99.999
19 28 99.999
19 29 99.999
19 30 99.999
19 31 99.999
19 32 99.999
19 33 99.999
19 34 99.999
19 35 99.999
19 36 99.999
19 37 99.999
19 38 99.999
19 39 99.999
19 40 99.999
19 41 99.999
19 42 99.999
19 43 99.999
19 44 99.999
19 45 99.999
19 46 99.999
19 47 99.999
19 48 99.999
19 49 99.999
19 50 99.999
19 51 99.999
19 52 99.999
19 53 99.999
19 54 99.999
19 55 99.999
19 56 99.999
19 57 99.999
19 58 99.999
19 59 99.999
19 60 99.999
19 61 99.999
19 62 99.999
19 63 99.999
19 64 99.999
19 65 99.999
19 66 99.999
19 67 99.999
19 68 99.999
19 69 99.999
19 70 99.999
19 71 99.999
19 72 99.999
19 73 99.999
19 74 99.999
19 75 99.999
19 76 99.999
19 77 99.999
19 78 99.999
19 79 99.999
19 80 99.999
19 81 99.999
19 82 99.999
19 83 99.999
19 84 99.999
19 85 99.999
19 86 99.999
19 87 99.999
19 88 99.999
19 89 99.999
19 90 99.999
19 91 99.999
19 92 99.999
19 93 99.999
19 94 99.999
19 95 99.999
19 96 99.999
19 97 99.999
19 98 99.999
19 99 99.999
19 100 99.999
20 21 99.999
20 22 99.999
20 23 99.999
20 24 99.999
20 25 99.999
20 26 99.999
20 27 99.999
20 28 99.999
20 29 99.999
20 30 99.999
20 31 99.999
20 32 99.999
20 33 99.999
20 34 99.999
20 35 99.999
20 36 99.999
20 37 99.999
20 38 99.999
20 39 99.999
20 40 99.999
20 41 99.999
20 42 99.999
20 43 99.999
20 44 99.999
20 45 99.999
20 46 99.999
20 47 99.999
20 48 99.999
20 49 99.999
20 50 99.999
20 51 99.999
20 52 99.999
20 53 99.999
20 54 99.999
20 55 99.999
20 56 99.999
20 57 99.999
20 58 99.999
20 59 99.999
20 60 99.999
20 61 99.999
20 62 99.999
20 63 99.999
20 64 99.999
20 65 99.999
20 66 99.999
20 67 99.999
20 68 99.999
20 69 99.999
20 70 99.999
20 71 99.999
20 72 99.999
20 73 99.999
20 74 99.999
20 75 99.999
20 76 99.999
20 77 99.999
20 78 99.999
20 79 99.999
20 80 99.999
20 81 99.999
20 82 99.999
20 83 99.999
20 84 99.999
20 85 99.999
20 86 99.999
20 87 99.999
20 88 99.999
20 89 99.999
20 90 99.999
20 91 99.999
20 92 99.999
20 93 99.999
20 94 99.999
20 95 99.999
20 96 99.999
20 97 99.999
20 98 99.999
20 99 99.999
20 100 99.999
21 22 99.999
21 23 99.999
21 24 99.999
21 25 99.999
21 26 99.999
21 27 99.999
21 28 99.999
21 29 99.999
21 30 99.999
21 31 99.999
21 32 99.999
21 33 99.999
21 34 99.999
21 35 99.999
21 36 99.999
21 37 99.999
21 38 99.999
21 39 99.999
21 40 99.999
21 41 99.999
21 42 99.999
21 43 99.999
21 44 99.999
21 45 99.999
21 46 99.999
21 47 99.999
21 48 99.999
21 49 99.999
21 50 99.999
21 51 99.999
21 52 99.999
21 53 99.999
21 54 99.999
21 55 99.999
21 56 99.999
21 57 99.999
21 58 99.999
21 59 99.999
21 60 99.999
21 61 99.999
21 62 99.999
21 63 99.999
21 64 99.999
21 65 99.999
21 66 99.999
21 67 99.999
21 68 99.999
21 69 99.999
21 70 99.999
21 71 99.999
21 72 99.999
21 73 99.999
21 74 99.999
21 75 99.999
21 76 99.999
21 77 99.999
21 78 99.999
21 79 99.999
21 80 99.999
21 81 99.999
21 82 99.999
21 83 99.999
21 84 99.999
21 85 99.999
21 86 99.999
21 87 99.999
21 88 99.999
21 89 99.999
21 90 99.999
21 91 99.999
21 92 99.999
21 93 99.999
21 94 99.999
21 95 99.999
21 96 99.999
21 97 99.999
21 98 99.999
21 99 99.999
21 100 99.999
22 23 99.999
22 24 99.999
22 25 99.999
22 26 99.999
22 27 99.999
22 28 99.999
22 29 99.999
22 30 99.999
22 31 99.999
22 32 99.999
22 33 99.999
22 34 99.999
22 35 99.999
22 36 99.999
22 37 99.999
22 38 99.999
22 39 99.999
22 40 99.999
22 41 99.999
22 42 99.999
22 43 99.999
22 44 99.999
22 45 99.999
22 46 99.999
22 47 99.999
22 48 99.999
22 49 99.999
22 50 99.999
22 51 99.999
22 52 99.999
22 53 99.999
22 54 99.999
22 55 99.999
22 56 99.999
22 57 99.999
22 58 99.999
22 59 99.999
22 60 99.999
22 61 99.999
22 62 99.999
22 63 99.999
22 64 99.999
22 65 99.999
22 66 99.999
22 67 99.999
22 68 99.999
22 69 99.999
22 70 99.999
22 71 99.999
22 72 99.999
22 73 99.999
22 74 99.999
22 75 99.999
22 76 99.999
22 77 99.999
22 78 99.999
22 79 99.999
22 80 99.999
22 81 99.999
22 82 99.999
22 83 99.999
22 84 99.999
22 85 99.999
22 86 99.999
22 87 99.999
22 88 99.999
22 89 99.999
22 90 99.999
22 91 99.999
22 92 99.999
22 93 99.999
22 94 99.999
22 95 99.999
22 96 99.999
22 97 99.999
22 98 99.999
22 99 99.999
22 100 99.999
23 24 99.999
23 25 99.999
23 26 99.999
23 27 99.999
23 28 99.999
23 29 99.999
23 30 99.999
23 31 99.999
23 32 99.999
23 33 99.999
23 34 99.999
23 35 99.999
23 36 99.999
23 37 99.999
23 38 99.999
23 39 99.999
23 40 99.999
23 41 99.999
23 42 99.999
23 43 99.999
23 44 99.999
23 45 99.999
23 46 99.999
23 47 99.999
23 48 99.999
23 49 99.999
23 50 99.999
23 51 99.999
23 52 99.999
23 53 99.999
23 54 99.999
23 55 99.999
23 56 99.999
23 57 99.999
23 58 99.999
23 59 99.999
23 60 99.999
23 61 99.999
23 62 99.999
23 63 99.999
23 64 99.999
23 65 99.999
23 66 99.999
23 67 99.999
23 68 99.999
23 69 99.999
23 70 99.999
23 71 99.999
23 72 99.999
23 73 99.999
23 74 99.999
23 75 99.999
23 76 99.999
23 77 99.999
23 78 99.999
23 79 99.999
23 80 99.999
23 81 99.999
23 82 99.999
23 83 99.999
23 84 99.999
23 85 99.999
23 86 99.999
23 87 99.999
23 88 99.999
23 89 99.999
23 90 99.999
23 91 99.999
23 92 99.999
23 93 99.999
23 94 99.999
23 95 99.999
23 96 99.999
23 97 99.999
23 98 99.999
23 99 99.999
23 100 99.999
24 25 99.999
24 26 99.999
24 27 99.999
24 28 99.999
24 29 99.999
24 30 99.999
24 31 99.999
24 32 99.999
24 33 99.999
24 34 99.999
24 35 99.999
24 36 99.999
24 37 99.999
24 38 99.999
24 39 99.999
24 40 99.999
24 41 99.999
24 42 99.999
24 43 99.999
24 44 99.999
24 45 99.999
24 46 99.999
24 47 99.999
24 48 99.999
24 49 99.999
24 50 99.999
24 51 99.999
24 52 99.999
24 53 99.999
24 54 99.999
24 55 99.999
24 56 99.999
24 57 99.999
24 58 99.999
24 59 99.999
24 60 99.999
24 61 99.999
24 62 99.999
24 63 99.999
24 64 99.999
24 65 99.999
24 66 99.999
24 67 99.999
24 68 99.999
24 69 99.999
24 70 99.999
24 71 99.999
24 72 99.999
24 73 99.999
24 74 99.999
24 75 99.999
24 76 99.999
24 77 99.999
24 78 99.999
24 79 99.999
24 80 99.999
24 81 99.999
24 82 99.999
24 83 99.999
24 84 99.999
24 85 99.999
24 86 99.999
24 87 99.999
24 88 99.999
24 89 99.999
24 90 99.999
24 91 99.999
24 92 99.999
24 93 99.999
24 94 99.999
24 95 99.999
24 96 99.999
24 97 99.999
24 98 99.999
24 99 99.999
24 100 99.999
25 26 99.999
25 27 99.999
25 28 99.999
25 29 99.999
25 30 99.999
25 31 99.999
25 32 99.999
25 33 99.999
25 34 99.999
25 35 99.999
25 36 99.999
25 37 99.999
25 38 99.999
25 39 99.999
25 40 99.999
25 41 99.999
25 42 99.999
25 43 99.999
25 44 99.999
25 45 99.999
25 46 99.999
25 47 99.999
25 48 99.999
25 49 99.999
25 50 99.999
25 51 99.999
25 52 99.999
25 53 99.999
25 54 99.999
25 55 99.999
25 56 99.999
25 57 99.999
25 58 99.999
25 59 99.999
25 60 99.999
25 61 99.999
25 62 99.999
25 63 99.999
25 64 99.999
25 65 99.999
25 66 99.999
25 67 99.999
25 68 99.999
25 69 99.999
25 70 99.999
25 71 99.999
25 72 99.999
25 73 99.999
25 74 99.999
25 75 99.999
25 76 99.999
25 77 99.999
25 78 99.999
25 79 99.999
25 80 99.999
25 81 99.999
25 82 99.999
25 83 99.999
25 84 99.999
25 85 99.999
25 86 99.999
25 87 99.999
25 88 99.999
25 89 99.999
25 90 99.999
25 91 99.999
25 92 99.999
25 93 99.999
25 94 99.999
25 95 99.999
25 96 99.999
25 97 99.999
25 98 99.999
25 99 99.999
25 100 99.999
26 27 99.999
26 28 99.999
26 29 99.999
26 30 99.999
26 31 99.999
26 32 99.999
26 33 99.999
26 34 99.999
26 35 99.999
26 36 99.999
26 37 99.999
26 38 99.999
26 39 99.999
26 40 99.999
26 41 99.999
26 42 99.999
26 43 99.999
26 44 99.999
26 45 99.999
26 46 99.999
26 47 99.999
26 48 99.999
26 49 99.999
26 50 99.999
26 51 99.999
26 52 99.999
26 53 99.999
26 54 99.999
26 55 99.999
26 56 99.999
26 57 99.999
26 58 99.999
26 59 99.999
26 60 99.999
26 61 99.999
26 62 99.999
26 63 99.999
26 64 99.999
26 65 99.999
26 66 99.999
26 67 99.999
26 68 99.999
26 69 99.999
26 70 99.999
26 71 99.999
26 72 99.999
26 73 99.999
26 74 99.999
26 75 99.999
26 76 99.999
26 77 99.999
26 78 99.999
26 79 99.999
26 80 99.999
26 81 99.999
26 82 99.999
26 83 99.999
26 84 99.999
26 85 99.999
26 86 99.999
26 87 99.999
26 88 99.999
26 89 99.999
26 90 99.999
26 91 99.999
26 92 99.999
26 93 99.999
26 94 99.999
26 95 99.999
26 96 99.999
26 97 99.999
26 98 99.999
26 99 99.999
26 100 99.999
27 28 99.999
27 29 99.999
27 30 99.999
27 31 99.999
27 32 99.999
27 33 99.999
27 34 99.999
27 35 99.999
27 36 99.999
27 37 99.999
27 38 99.999
27 39 99.999
27 40 99.999
27 41 99.999
27 42 99.999
27 43 99.999
27 44 99.999
27 45 99.999
27 46 99.999
27 47 99.999
27 48 99.999
27 49 99.999
27 50 99.999
27 51 99.999
27 52 99.999
27 53 99.999
27 54 99.999
27 55 99.999
27 56 99.999
27 57 99.999
27 58 99.999
27 59 99.999
27 60 99.999
27 61 99.999
27 62 99.999
27 63 99.999
27 64 99.999
27 65 99.999
27 66 99.999
27 67 99.999
27 68 99.999
27 69 99.999
27 70 99.999
27 71 99.999
27 72 99.999
27 73 99.999
27 74 99.999
27 75 99.999
27 76 99.999
27 77 99.999
27 78 99.999
27 79 99.999
27 80 99.999
27 81 99.999
27 82 99.999
27 83 99.999
27 84 99.999
27 85 99.999
27 86 99.999
27 87 99.999
27 88 99.999
27 89 99.999
27 90 99.999
27 91 99.999
27 92 99.999
27 93 99.999
27 94 99.999
27 95 99.999
27 96 99.999
27 97 99.999
27 98 99.999
27 99 99.999
27 100 99.999
28 29 99.999
28 30 99.999
28 31 99.999
28 32 99.999
28 33 99.999
28 34 99.999
28 35 99.999
28 36 99.999
28 37 99.999
28 38 99.999
28 39 99.999
28 40 99.999
28 41 99.999
28 42 99.999
28 43 99.999
28 44 99.999
28 45 99.999
28 46 99.999
28 47 99.999
28 48 99.999
28 49 99.999
28 50 99.999
28 51 99.999
28 52 99.999
28 53 99.999
28 54 99.999
28 55 99.999
28 56 99.999
28 57 99.999
28 58 99.999
28 59 99.999
28 60 99.999
28 61 99.999
28 62 99.999
28 63 99.999
28 64 99.999
28 65 99.999
28 66 99.999
28 67 99.999
28 68 99.999
28 69 99.999
28 70 99.999
28 71 99.999
28 72 99.999
28 73 99.999
28 74 99.999
28 75 99.999
28 76 99.999
28 77 99.999
28 78 99.999
28 79 99.999
28 80 99.999
28 81 99.999
28 82 99.999
28 83 99.999
28 84 99.999
28 85 99.999
28 86 99.999
28 87 99.999
28 88 99.999
28 89 99.999
28 90 99.999
28 91 99.999
28 92 99.999
28 93 99.999
28 94 99.999
28 95 99.999
28 96 99.999
28 97 99.999
28 98 99.999
28 99 99.999
28 100 99.999
29 30 99.999
29 31 99.999
29 32 99.999
29 33 99.999
29 34 99.999
29 35 99.999
29 36 99.999
29 37 99.999
29 38 99.999
29 39 99.999
29 40 99.999
29 41 99.999
29 42 99.999
29 43 99.999
29 44 99.999
29 45 99.999
29 46 99.999
29 47 99.999
29 48 99.999
29 49 99.999
29 50 99.999
29 51 99.999
29 52 99.999
29 53 99.999
29 54 99.999
29 55 99.999
29 56 99.999
29 57 99.999
29 58 99.999
29 59 99.999
29 60 99.999
29 61 99.999
29 62 99.999
29 63 99.999
29 64 99.999
29 65 99.999
29 66 99.999
29 67 99.999
29 68 99.999
29 69 99.999
29 70 99.999
29 71 99.999
29 72 99.999
29 73 99.999
29 74 99.999
29 75 99.999
29 76 99.999
29 77 99.999
29 78 99.999
29 79 99.999
29 80 99.999
29 81 99.999
29 82 99.999
29 83 99.999
29 84 99.999
29 85 99.999
29 86 99.999
29 87 99.999
29 88 99.999
29 89 99.999
29 90 99.999
29 91 99.999
29 92 99.999
29 93 99.999
29 94 99.999
29 95 99.999
29 96 99.999
29 97 99.999
29 98 99.999
29 99 99.999
29 100 99.999
30 31 99.999
30 32 99.999
30 33 99.999
30 34 99.999
30 35 99.999
30 36 99.999
30 37 99.999
30 38 99.999
30 39 99.999
30 40 99.999
30 41 99.999
30 42 99.999
30 43 99.999
30 44 99.999
30 45 99.999
30 46 99.999
30 47 99.999
30 48 99.999
30 49 99.999
30 50 99.999
30 51 99.999
30 52 99.999
30 53 99.999
30 54 99.999
30 55 99.999
30 56 99.999
30 57 99.999
30 58 99.999
30 59 99.999
30 60 99.999
30 61 99.999
30 62 99.999
30 63 99.999
30 64 99.999
30 65 99.999
30 66 99.999
30 67 99.999
30 68 99.999
30 69 99.999
30 70 99.999
30 71 99.999
30 72 99.999
30 73 99.999
30 74 99.999
30 75 99.999
30 76 99.999
30 77 99.999
30 78 99.999
30 79 99.999
30 80 99.999
30 81 99.999
30 82 99.999
30 83 99.999
30 84 99.999
30 85 99.999
30 86 99.999
30 87 99.999
30 88 99.999
30 89 99.999
30 90 99.999
30 91 99.999
30 92 99.999
30 93 99.999
30 94 99.999
30 95 99.999
30 96 99.999
30 97 99.999
30 98 99.999
30 99 99.999
30 100 99.999
31 32 99.999
31 33 99.999
31 34 99.999
31 35 99.999
31 36 99.999
31 37 99.999
31 38 99.999
31 39 99.999
31 40 99.999
31 41 99.999
31 42 99.999
31 43 99.999
31 44 99.999
31 45 99.999
31 46 99.999
31 47 99.999
31 48 99.999
31 49 99.999
31 50 99.999
31 51 99.999
31 52 99.999
31 53 99.999
31 54 99.999
31 55 99.999
31 56 99.999
31 57 99.999
31 58 99.999
31 59 99.999
31 60 99.999
31 61 99.999
31 62 99.999
31 63 99.999
31 64 99.999
31 65 99.999
31 66 99.999
31 67 99.999
31 68 99.999
31 69 99.999
31 70 99.999
31 71 99.999
31 72 99.999
31 73 99.999
31 74 99.999
31 75 99.999
31 76 99.999
31 77 99.999
31 78 99.999
31 79 99.999
31 80 99.999
31 81 99.999
31 82 99.999
31 83 99.999
31 84 99.999
31 85 99.999
31 86 99.999
31 87 99.999
31 88 99.999
31 89 99.999
31 90 99.999
31 91 99.999
31 92 99.999
31 93 99.999
31 94 99.999
31 95 99.999
31 96 99.999
31 97 99.999
31 98 99.999
31 99 99.999
31 100 99.999
32 33 99.999
32 34 99.999
32 35 99.999
32 36 99.999
32 37 99.999
32 38 99.999
32 39 99.999
32 40 99.999
32 41 99.999
32 42 99.999
32 43 99.999
32 44 99.999
32 45 99.999
32 46 99.999
32 47 99.999
32 48 99.999
32 49 99.999
32 50 99.999
32 51 99.999
32 52 99.999
32 53 99.999
32 54 99.999
32 55 99.999
32 56 99.999
32 57 99.999
32 58 99.999
32 59 99.999
32 60 99.999
32 61 99.999
32 62 99.999
32 63 99.999
32 64 99.999
32 65 99.999
32 66 99.999
32 67 99.999
32 68 99.999
32 69 99.999
32 70 99.999
32 71 99.999
32 72 99.999
32 73 99.999
32 74 99.999
32 75 99.999
32 76 99.999
32 77 99.999
32 78 99.999
32 79 99.999
32 80 99.999
32 81 99.999
32 82 99.999
32 83 99.999
32 84 99.999
32 85 99.999
32 86 99.999
32 87 99.999
32 88 99.999
32 89 99.999
32 90 99.999
32 91 99.999
32 92 99.999
32 93 99.999
32 94 99.999
32 95 99.999
32 96 99.999
32 97 99.999
32 98 99.999
32 99 99.999
32 100 99.999
33 34 99.999
33 35 99.999
33 36 99.999
33 37 99.999
33 38 99.999
33 39 99.999
33 40 99.999
33 41 99.999
33 42 99.999
33 43 99.999
33 44 99.999
33 45 99.999
33 46 99.999
33 47 99.999
33 48 99.999
33 49 99.999
33 50 99.999
33 51 99.999
33 52 99.999
33 53 99.999
33 54 99.999
33 55 99.999
33 56 99.999
33 57 99.999
33 58 99.999
33 59 99.999
33 60 99.999
33 61 99.999
33 62 99.999
33 63 99.999
33 64 99.999
33 65 99.999
33 66 99.999
33 67 99.999
33 68 99.999
33 69 99.999
33 70 99.999
33 71 99.999
33 72 99.999
33 73 99.999
33 74 99.999
33 75 99.999
33 76 99.999
33 77 99.999
33 78 99.999
33 79 99.999
33 80 99.999
33 81 99.999
33 82 99.999
33 83 99.999
33 84 99.999
33 85 99.999
33 86 99.999
33 87 99.999
33 88 99.999
33 89 99.999
33 90 99.999
33 91 99.999
33 92 99.999
33 93 99.999
33 94 99.999
33 95 99.999
33 96 99.999
33 97 99.999
33 98 99.999
33 99 99.999
33 100 99.999
34 35 99.999
34 36 99.999
34 37 99.999
34 38 99.999
34 39 99.999
34 40 99.999
34 41 99.999
34 42 99.999
34 43 99.999
34 44 99.999
34 45 99.999
34 46 99.999
34 47 99.999
34 48 99.999
34 49 99.999
34 50 99.999
34 51 99.999
34 52 99.999
34 53 99.999
34 54 99.999
34 55 99.999
34 56 99.999
34 57 99.999
34 58 99.999
34 59 99.999
34 60 99.999
34 61 99.999
34 62 99.999
34 63 99.999
34 64 99.999
34 65 99.999
34 66 99.999
34 67 99.999
34 68 99.999
34 69 99.999
34 70 99.999
34 71 99.999
34 72 99.999
34 73 99.999
34 74 99.999
34 75 99.999
34 76 99.999
34 77 99.999
34 78 99.999
34 79 99.999
34 80 99.999
34 81 99.999
34 82 99.999
34 83 99.999
34 84 99.999
34 85 99.999
34 86 99.999
34 87 99.999
34 88 99.999
34 89 99.999
34 90 99.999
34 91 99.999
34 92 99.999
34 93 99.999
34 94 99.999
34 95 99.999
34 96 99.999
34 97 99.999
34 98 99.999
34 99 99.999
34 100 99.999
35 36 99.999
35 37 99.999
35 38 99.999
35 39 99.999
35 40 99.999
35 41 99.999
35 42 99.999
35 43 99.999
35 44 99.999
35 45 99.999
35 46 99.999
35 47 99.999
35 48 99.999
35 49 99.999
35 50 99.999
35 51 99.999
35 52 99.999
35 53 99.999
35 54 99.999
35 55 99.999
35 56 99.999
35 57 99.999
35 58 99.999
35 59 99.999
35 60 99.999
35 61 99.999
35 62 99.999
35 63 99.999
35 64 99.999
35 65 99.999
35 66 99.999
35 67 99.999
35 68 99.999
35 69 99.999
35 70 99.999
35 71 99.999
35 72 99.999
35 73 99.999
35 74 99.999
35 75 99.999
35 76 99.999
35 77 99.999
35 78 99.999
35 79 99.999
35 80 99.999
35 81 99.999
35 82 99.999
35 83 99.999
35 84 99.999
35 85 99.999
35 86 99.999
35 87 99.999
35 88 99.999
35 89 99.999
35 90 99.999
35 91 99.999
35 92 99.999
35 93 99.999
35 94 99.999
35 95 99.999
35 96 99.999
35 97 99.999
35 98 99.999
35 99 99.999
35 100 99.999
36 37 99.999
36 38 99.999
36 39 99.999
36 40 99.999
36 41 99.999
36 42 99.999
36 43 99.999
36 44 99.999
36 45 99.999
36 46 99.999
36 47 99.999
36 48 99.999
36 49 99.999
36 50 99.999
36 51 99.999
36 52 99.999
36 53 99.999
36 54 99.999
36 55 99.999
36 56 99.999
36 57 99.999
36 58 99.999
36 59 99.999
36 60 99.999
36 61 99.999
36 62 99.999
36 63 99.999
36 64 99.999
36 65 99.999
36 66 99.999
36 67 99.999
36 68 99.999
36 69 99.999
36 70 99.999
36 71 99.999
36 72 99.999
36 73 99.999
36 74 99.999
36 75 99.999
36 76 99.999
36 77 99.999
36 78 99.999
36 79 99.999
36 80 99.999
36 81 99.999
36 82 99.999
36 83 99.999
36 84 99.999
36 85 99.999
36 86 99.999
36 87 99.999
36 88 99.999
36 89 99.999
36 90 99.999
36 91 99.999
36 92 99.999
36 93 99.999
36 94 99.999
36 95 99.999
36 96 99.999
36 97 99.999
36 98 99.999
36 99 99.999
36 100 99.999
37 38 99.999
37 39 99.999
37 40 99.999
37 41 99.999
37 42 99.999
37 43 99.999
37 44 99.999
37 45 99.999
37 46 99.999
37 47 99.999
37 48 99.999
37 49 99.999
37 50 99.999
37 51 99.999
37 52 99.999
37 53 99.999
37 54 99.999
37 55 99.999
37 56 99.999
37 57 99.999
37 58 99.999
37 59 99.999
37 60 99.999
37 61 99.999
37 62 99.999
37 63 99.999
37 64 99.999
37 65 99.999
37 66 99.999
37 67 99.999
37 68 99.999
37 69 99.999
37 70 99.999
37 71 99.999
37 72 99.999
37 73 99.999
37 74 99.999
37 75 99.999
37 76 99.999
37 77 99.999
37 78 99.999
37 79 99.999
37 80 99.999
37 81 99.999
37 82 99.999
37 83 99.999
37 84 99.999
37 85 99.999
37 86 99.999
37 87 99.999
37 88 99.999
37 89 99.999
37 90 99.999
37 91 99.999
37 92 99.999
37 93 99.999
37 94 99.999
37 95 99.999
37 96 99.999
37 97 99.999
37 98 99.999
37 99 99.999
37 100 99.999
38 39 99.999
38 40 99.999
38 41 99.999
38 42 99.999
38 43 99.999
38 44 99.999
38 45 99.999
38 46 99.999
38 47 99.999
38 48 99.999
38 49 99.999
38 50 99.999
38 51 99.999
38 52 99.999
38 53 99.999
38 54 99.999
38 55 99.999
38 56 99.999
38 57 99.999
38 58 99.999
38 59 99.999
38 60 99.999
38 61 99.999
38 62 99.999
38 63 99.999
38 64 99.999
38 65 99.999
38 66 99.999
38 67 99.999
38 68 99.999
38 69 99.999
38 70 99.999
38 71 99.999
38 72 99.999
38 73 99.999
38 74 99.999
38 75 99.999
38 76 99.999
38 77 99.999
38 78 99.999
38 79 99.999
38 80 99.999
38 81 99.999
38 82 99.999
38 83 99.999
38 84 99.999
38 85 99.999
38 86 99.999
38 87 99.999
38 88 99.999
38 89 99.999
38 90 99.999
38 91 99.999
38 92 99.999
38 93 99.999
38 94 99.999
38 95 99.999
38 96 99.999
38 97 99.999
38 98 99.999
38 99 99.999
38 100 99.999
39 40 99.999
39 41 99.999
39 42 99.999
39 43 99.999
39 44 99.999
39 45 99.999
39 46 99.999
39 47 99.999
39 48 99.999
39 49 99.999
39 50 99.999
39 51 99.999
39 52 99.999
39 53 99.999
39 54 99.999
39 55 99.999
39 56 99.999
39 57 99.999
39 58 99.999
39 59 99.999
39 60 99.999
39 61 99.999
39 62 99.999
39 63 99.999
39 64 99.999
39 65 99.999
39 66 99.999
39 67 99.999
39 68 99.999
39 69 99.999
39 70 99.999
39 71 99.999
39 72 99.999
39 73 99.999
39 74 99.999
39 75 99.999
39 76 99.999
39 77 99.999
39 78 99.999
39 79 99.999
39 80 99.999
39 81 99.999
39 82 99.999
39 83 99.999
39 84 99.999
39 85 99.999
39 86 99.999
39 87 99.999
39 88 99.999
39 89 99.999
39 90 99.999
39 91 99.999
39 92 99.999
39 93 99.999
39 94 99.999
39 95 99.999
39 96 99.999
39 97 99.999
39 98 99.999
39 99 99.999
39 100 99.999
40 41 99.999
40 42 99.999
40 43 99.999
40 44 99.999
40 45 99.999
40 46 99.999
40 47 99.999
40 48 99.999
40 49 99.999
40 50 99.999
40 51 99.999
40 52 99.999
40 53 99.999
40 54 99.999
40 55 99.999
40 56 99.999
40 57 99.999
40 58 99.999
40 59 99.999
40 60 99.999
40 61 99.999
40 62 99.999
40 63 99.999
40 64 99.999
40 65 99.999
40 66 99.999
40 67 99.999
40 68 99.999
40 69 99.999
40 70 99.999
40 71 99.999
40 72 99.999
40 73 99.999
40 74 99.999
40 75 99.999
40 76 99.999
40 77 99.999
40 78 99.999
40 79 99.999
40 80 99.999
40 81 99.999
40 82 99.999
40 83 99.999
40 84 99.999
40 85 99.999
40 86 99.999
40 87 99.999
40 88 99.999
40 89 99.999
40 90 99.999
40 91 99.999
40 92 99.999
40 93 99.999
40 94 99.999
40 95 99.999
40 96 99.999
40 97 99.999
40 98 99.999
40 99 99.999
40 100 99.999
41 42 99.999
41 43 99.999
41 44 99.999
41 45 99.999
41 46 99.999
41 47 99.999
41 48 99.999
41 49 99.999
41 50 99.999
41 51 99.999
41 52 99.999
41 53 99.999
41 54 99.999
41 55 99.999
41 56 99.999
41 57 99.999
41 58 99.999
41 59 99.999
41 60 99.999
41 61 99.999
41 62 99.999
41 63 99.999
41 64 99.999
41 65 99.999
41 66 99.999
41 67 99.999
41 68 99.999
41 69 99.999
41 70 99.999
41 71 99.999
41 72 99.999
41 73 99.999
41 74 99.999
41 75 99.999
41 76 99.999
41 77 99.999
41 78 99.999
41 79 99.999
41 80 99.999
41 81 99.999
41 82 99.999
41 83 99.999
41 84 99.999
41 85 99.999
41 86 99.999
41 87 99.999
41 88 99.999
41 89 99.999
41 90 99.999
41 91 99.999
41 92 99.999
41 93 99.999
41 94 99.999
41 95 99.999
41 96 99.999
41 97 99.999
41 98 99.999
41 99 99.999
41 100 99.999
42 43 99.999
42 44 99.999
42 45 99.999
42 46 99.999
42 47 99.999
42 48 99.999
42 49 99.999
42 50 99.999
42 51 99.999
42 52 99.999
42 53 99.999
42 54 99.999
42 55 99.999
42 56 99.999
42 57 99.999
42 58 99.999
42 59 99.999
42 60 99.999
42 61 99.999
42 62 99.999
42 63 99.999
42 64 99.999
42 65 99.999
42 66 99.999
42 67 99.999
42 68 99.999
42 69 99.999
42 70 99.999
42 71 99.999
42 72 99.999
42 73 99.999
42 74 99.999
42 75 99.999
42 76 99.999
42 77 99.999
42 78 99.999
42 79 99.999
42 80 99.999
42 81 99.999
42 82 99.999
42 83 99.999
42 84 99.999
42 85 99.999
42 86 99.999
42 87 99.999
42 88 99.999
42 89 99.999
42 90 99.999
42 91 99.999
42 92 99.999
42 93 99.999
42 94 99.999
42 95 99.999
42 96 99.999
42 97 99.999
42 98 99.999
42 99 99.999
42 100 99.999
43 44 99.999
43 45 99.999
43 46 99.999
43 47 99.999
43 48 99.999
43 49 99.999
43 50 99.999
43 51 99.999
43 52 99.999
43 53 99.999
43 54 99.999
43 55 99.999
43 56 99.999
43 57 99.999
43 58 99.999
43 59 99.999
43 60 99.999
43 61 99.999
43 62 99.999
43 63 99.999
43 64 99.999
43 65 99.999
43 66 99.999
43 67 99.999
43 68 99.999
43 69 99.999
43 70 99.999
43 71 99.999
43 72 99.999
43 73 99.999
43 74 99.999
43 75 99.999
43 76 99.999
43 77 99.999
43 78 99.999
43 79 99.999
43 80 99.999
43 81 99.999
43 82 99.999
43 83 99.999
43 84 99.999
43 85 99.999
43 86 99.999
43 87 99.999
43 88 99.999
43 89 99.999
43 90 99.999
43 91 99.999
43 92 99.999
43 93 99.999
43 94 99.999
43 95 99.999
43 96 99.999
43 97 99.999
43 98 99.999
43 99 99.999
43 100 99.999
44 45 99.999
44 46 99.999
44 47 99.999
44 48 99.999
44 49 99.999
44 50 99.999
44 51 99.999
44 52 99.999
44 53 99.999
44 54 99.999
44 55 99.999
44 56 99.999
44 57 99.999
44 58 99.999
44 59 99.999
44 60 99.999
44 61 99.999
44 62 99.999
44 63 99.999
44 64 99.999
44 65 99.999
44 66 99.999
44 67 99.999
44 68 99.999
44 69 99.999
44 70 99.999
44 71 99.999
44 72 99.999
44 73 99.999
44 74 99.999
44 75 99.999
44 76 99.999
44 77 99.999
44 78 99.999
44 79 99.999
44 80 99.999
44 81 99.999
44 82 99.999
44 83 99.999
44 84 99.999
44 85 99.999
44 86 99.999
44 87 99.999
44 88 99.999
44 89 99.999
44 90 99.999
44 91 99.999
44 92 99.999
44 93 99.999
44 94 99.999
44 95 99.999
44 96 99.999
44 97 99.999
44 98 99.999
44 99 99.999
44 100 99.999
45 46 99.999
45 47 99.999
45 48 99.999
45 49 99.999
45 50 99.999
45 51 99.999
45 52 99.999
45 53 99.999
45 54 99.999
45 55 99.999
45 56 99.999
45 57 99.999
45 58 99.999
45 59 99.999
45 60 99.999
45 61 99.999
45 62 99.999
45 63 99.999
45 64 99.999
45 65 99.999
45 66 99.999
45 67 99.999
45 68 99.999
45 69 99.999
45 70 99.999
45 71 99.999
45 72 99.999
45 73 99.999
45 74 99.999
45 75 99.999
45 76 99.999
45 77 99.999
45 78 99.999
45 79 99.999
45 80 99.999
45 81 99.999
45 82 99.999
45 83 99.999
45 84 99.999
45 85 99.999
45 86 99.999
45 87 99.999
45 88 99.999
45 89 99.999
45 90 99.999
45 91 99.999
45 92 99.999
45 93 99.999
45 94 99.999
45 95 99.999
45 96 99.999
45 97 99.999
45 98 99.999
45 99 99.999
45 100 99.999
46 47 99.999
46 48 99.999
46 49 99.999
46 50 99.999
46 51 99.999
46 52 99.999
46 53 99.999
46 54 99.999
46 55 99.999
46 56 99.999
46 57 99.999
46 58 99.999
46 59 99.999
46 60 99.999
46 61 99.999
46 62 99.999
46 63 99.999
46 64 99.999
46 65 99.999
46 66 99.999
46 67 99.999
46 68 99.999
46 69 99.999
46 70 99.999
46 71 99.999
46 72 99.999
46 73 99.999
46 74 99.999
46 75 99.999
46 76 99.999
46 77 99.999
46 78 99.999
46 79 99.999
46 80 99.999
46 81 99.999
46 82 99.999
46 83 99.999
46 84 99.999
46 85 99.999
46 86 99.999
46 87 99.999
46 88 99.999
46 89 99.999
46 90 99.999
46 91 99.999
46 92 99.999
46 93 99.999
46 94 99.999
46 95 99.999
46 96 99.999
46 97 99.999
46 98 99.999
46 99 99.999
46 100 99.999
47 48 99.999
47 49 99.999
47 50 99.999
47 51 99.999
47 52 99.999
47 53 99.999
47 54 99.999
47 55 99.999
47 56 99.999
47 57 99.999
47 58 99.999
47 59 99.999
47 60 99.999
47 61 99.999
47 62 99.999
47 63 99.999
47 64 99.999
47 65 99.999
47 66 99.999
47 67 99.999
47 68 99.999
47 69 99.999
47 70 99.999
47 71 99.999
47 72 99.999
47 73 99.999
47 74 99.999
47 75 99.999
47 76 99.999
47 77 99.999
47 78 99.999
47 79 99.999
47 80 99.999
47 81 99.999
47 82 99.999
47 83 99.999
47 84 99.999
47 85 99.999
47 86 99.999
47 87 99.999
47 88 99.999
47 89 99.999
47 90 99.999
47 91 99.999
47 92 99.999
47 93 99.999
47 94 99.999
47 95 99.999
47 96 99.999
47 97 99.999
47 98 99.999
47 99 99.999
47 100 99.999
48 49 99.999
48 50 99.999
48 51 99.999
48 52 99.999
48 53 99.999
48 54 99.999
48 55 99.999
48 56 99.999
48 57 99.999
48 58 99.999
48 59 99.999
48 60 99.999
48 61 99.999
48 62 99.999
48 63 99.999
48 64 99.999
48 65 99.999
48 66 99.999
48 67 99.999
48 68 99.999
48 69 99.999
48 70 99.999
48 71 99.999
48 72 99.999
48 73 99.999
48 74 99.999
48 75 99.999
48 76 99.999
48 77 99.999
48 78 99.999
48 79 99.999
48 80 99.999
48 81 99.999
48 82 99.999
48 83 99.999
48 84 99.999
48 85 99.999
48 86 99.999
48 87 99.999
48 88 99.999
48 89 99.999
48 90 99.999
48 91 99.999
48 92 99.999
48 93 99.999
48 94 99.999
48 95 99.999
48 96 99.999
48 97 99.999
48 98 99.999
48 99 99.999
48 100 99.999
49 50 99.999
49 51 99.999
49 52 99.999
49 53 99.999
49 54 99.999
49 55 99.999
49 56 99.999
49 57 99.999
49 58 99.999
49 59 99.999
49 60 99.999
49 61 99.999
49 62 99.999
49 63 99.999
49 64 99.999
49 65 99.999
49 66 99.999
49 67 99.999
49 68 99.999
49 69 99.999
49 70 99.999
49 71 99.999
49 72 99.999
49 73 99.999
49 74 99.999
49 75 99.999
49 76 99.999
49 77 99.999
49 78 99.999
49 79 99.999
49 80 99.999
49 81 99.999
49 82 99.999
49 83 99.999
49 84 99.999
49 85 99.999
49 86 99.999
49 87 99.999
49 88 99.999
49 89 99.999
49 90 99.999
49 91 99.999
49 92 99.999
49 93 99.999
49 94 99.999
49 95 99.999
49 96 99.999
49 97 99.999
49 98 99.999
49 99 99.999
49 100 99.999
50 51 99.999
50 52 99.999
50 53 99.999
50 54 99.999
50 55 99.999
50 56 99.999
50 57 99.999
50 58 99.999
50 59 99.999
50 60 99.999
50 61 99.999
50 62 99.999
50 63 99.999
50 64 99.999
50 65 99.999
50 66 99.999
50 67 99.999
50 68 99.999
50 69 99.999
50 70 99.999
50 71 99.999
50 72 99.999
50 73 99.999
50 74 99.999
50 75 99.999
50 76 99.999
50 77 99.999
50 78 99.999
50 79 99.999
50 80 99.999
50 81 99.999
50 82 99.999
50 83 99.999
50 84 99.999
50 85 99.999
50 86 99.999
50 87 99.999
50 88 99.999
50 89 99.999
50 90 99.999
50 91 99.999
50 92 99.999
50 93 99.999
50 94 99.999
50 95 99.999
50 96 99.999
50 97 99.999
50 98 99.999
50 99 99.999
50 100 99.999
51 52 99.999
51 53 99.999
51 54 99.999
51 55 99.999
51 56 99.999
51 57 99.999
51 58 99.999
51 59 99.999
51 60 99.999
51 61 99.999
51 62 99.999
51 63 99.999
51 64 99.999
51 65 99.999
51 66 99.999
51 67 99.999
51 68 99.999
51 69 99.999
51 70 99.999
51 71 99.999
51 72 99.999
51 73 99.999
51 74 99.999
51 75 99.999
51 76 99.999
51 77 99.999
51 78 99.999
51 79 99.999
51 80 99.999
51 81 99.999
51 82 99.999
51 83 99.999
51 84 99.999
51 85 99.999
51 86 99.999
51 87 99.999
51 88 99.999
51 89 99.999
51 90 99.999
51 91 99.999
51 92 99.999
51 93 99.999
51 94 99.999
51 95 99.999
51 96 99.999
51 97 99.999
51 98 99.999
51 99 99.999
51 100 99.999
52 53 99.999
52 54 99.999
52 55 99.999
52 56 99.999
52 57 99.999
52 58 99.999
52 59 99.999
52 60 99.999
52 61 99.999
52 62 99.999
52 63 99.999
52 64 99.999
52 65 99.999
52 66 99.999
52 67 99.999
52 68 99.999
52 69 99.999
52 70 99.999
52 71 99.999
52 72 99.999
52 73 99.999
52 74 99.999
52 75 99.999
52 76 99.999
52 77 99.999
52 78 99.999
52 79 99.999
52 80 99.999
52 81 99.999
52 82 99.999
52 83 99.999
52 84 99.999
52 85 99.999
52 86 99.999
52 87 99.999
52 88 99.999
52 89 99.999
52 90 99.999
52 91 99.999
52 92 99.999
52 93 99.999
52 94 99.999
52 95 99.999
52 96 99.999
52 97 99.999
52 98 99.999
52 99 99.999
52 100 99.999
53 54 99.999
53 55 99.999
53 56 99.999
53 57 99.999
53 58 99.999
53 59 99.999
53 60 99.999
53 61 99.999
53 62 99.999
53 63 99.999
53 64 99.999
53 65 99.999
53 66 99.999
53 67 99.999
53 68 99.999
53 69 99.999
53 70 99.999
53 71 99.999
53 72 99.999
53 73 99.999
53 74 99.999
53 75 99.999
53 76 99.999
53 77 99.999
53 78 99.999
53 79 99.999
53 80 99.999
53 81 99.999
53 82 99.999
53 83 99.999
53 84 99.999
53 85 99.999
53 86 99.999
53 87 99.999
53 88 99.999
53 89 99.999
53 90 99.999
53 91 99.999
53 92 99.999
53 93 99.999
53 94 99.999
53 95 99.999
53 96 99.999
53 97 99.999
53 98 99.999
53 99 99.999
53 100 99.999
54 55 99.999
54 56 99.999
54 57 99.999
54 58 99.999
54 59 99.999
54 60 99.999
54 61 99.999
54 62 99.999
54 63 99.999
54 64 99.999
54 65 99.999
54 66 99.999
54 67 99.999
54 68 99.999
54 69 99.999
54 70 99.999
54 71 99.999
54 72 99.999
54 73 99.999
54 74 99.999
54 75 99.999
54 76 99.999
54 77 99.999
54 78 99.999
54 79 99.999
54 80 99.999
54 81 99.999
54 82 99.999
54 83 99.999
54 84 99.999
54 85 99.999
54 86 99.999
54 87 99.999
54 88 99.999
54 89 99.999
54 90 99.999
54 91 99.999
54 92 99.999
54 93 99.999
54 94 99.999
54 95 99.999
54 96 99.999
54 97 99.999
54 98 99.999
54 99 99.999
54 100 99.999
55 56 99.999
55 57 99.999
55 58 99.999
55 59 99.999
55 60 99.999
55 61 99.999
55 62 99.999
55 63 99.999
55 64 99.999
55 65 99.999
55 66 99.999
55 67 99.999
55 68 99.999
55 69 99.999
55 70 99.999
55 71 99.999
55 72 99.999
55 73 99.999
55 74 99.999
55 75 99.999
55 76 99.999
55 77 99.999
55 78 99.999
55 79 99.999
55 80 99.999
55 81 99.999
55 82 99.999
55 83 99.999
55 84 99.999
55 85 99.999
55 86 99.999
55 87 99.999
55 88 99.999
55 89 99.999
55 90 99.999
55 91 99.999
55 92 99.999
55 93 99.999
55 94 99.999
55 95 99.999
55 96 99.999
55 97 99.999
55 98 99.999
55 99 99.999
55 100 99.999
56 57 99.999
56 58 99.999
56 59 99.999
56 60 99.999
56 61 99.999
56 62 99.999
56 63 99.999
56 64 99.999
56 65 99.999
56 66 99.999
56 67 99.999
56 68 99.999
56 69 99.999
56 70 99.999
56 71 99.999
56 72 99.999
56 73 99.999
56 74 99.999
56 75 99.999
56 76 99.999
56 77 99.999
56 78 99.999
56 79 99.999
56 80 99.999
56 81 99.999
56 82 99.999
56 83 99.999
56 84 99.999
56 85 99.999
56 86 99.999
56 87 99.999
56 88 99.999
56 89 99.999
56 90 99.999
56 91 99.999
56 92 99.999
56 93 99.999
56 94 99.999
56 95 99.999
56 96 99.999
56 97 99.999
56 98 99.999
56 99 99.999
56 100 99.999
57 58 99.999
57 59 99.999
57 60 99.999
57 61 99.999
57 62 99.999
57 63 99.999
57 64 99.999
57 65 99.999
57 66 99.999
57 67 99.999
57 68 99.999
57 69 99.999
57 70 99.999
57 71 99.999
57 72 99.999
57 73 99.999
57 74 99.999
57 75 99.999
57 76 99.999
57 77 99.999
57 78 99.999
57 79 99.999
57 80 99.999
57 81 99.999
57 82 99.999
57 83 99.999
57 84 99.999
57 85 99.999
57 86 99.999
57 87 99.999
57 88 99.999
57 89 99.999
57 90 99.999
57 91 99.999
57 92 99.999
57 93 99.999
57 94 99.999
57 95 99.999
57 96 99.999
57 97 99.999
57 98 99.999
57 99 99.999
57 100 99.999
58 59 99.999
58 60 99.999
58 61 99.999
58 62 99.999
58 63 99.999
58 64 99.999
58 65 99.999
58 66 99.999
58 67 99.999
58 68 99.999
58 69 99.999
58 70 99.999
58 71 99.999
58 72 99.999
58 73 99.999
58 74 99.999
58 75 99.999
58 76 99.999
58 77 99.999
58 78 99.999
58 79 99.999
58 80 99.999
58 81 99.999
58 82 99.999
58 83 99.999
58 84 99.999
58 85 99.999
58 86 99.999
58 87 99.999
58 88 99.999
58 89 99.999
58 90 99.999
58 91 99.999
58 92 99.999
58 93 99.999
58 94 99.999
58 95 99.999
58 96 99.999
58 97 99.999
58 98 99.999
58 99 99.999
58 100 99.999
59 60 99.999
59 61 99.999
59 62 99.999
59 63 99.999
59 64 99.999
59 65 99.999
59 66 99.999
59 67 99.999
59 68 99.999
59 69 99.999
59 70 99.999
59 71 99.999
59 72 99.999
59 73 99.999
59 74 99.999
59 75 99.999
59 76 99.999
59 77 99.999
59 78 99.999
59 79 99.999
59 80 99.999
59 81 99.999
59 82 99.999
59 83 99.999
59 84 99.999
59 85 99.999
59 86 99.999
59 87 99.999
59 88 99.999
59 89 99.999
59 90 99.999
59 91 99.999
59 92 99.999
59 93 99.999
59 94 99.999
59 95 99.999
59 96 99.999
59 97 99.999
59 98 99.999
59 99 99.999
59 100 99.999
60 61 99.999
60 62 99.999
60 63 99.999
60 64 99.999
60 65 99.999
60 66 99.999
60 67 99.999
60 68 99.999
60 69 99.999
60 70 99.999
60 71 99.999
60 72 99.999
60 73 99.999
60 74 99.999
60 75 99.999
60 76 99.999
60 77 99.999
60 78 99.999
60 79 99.999
60 80 99.999
60 81 99.999
60 82 99.999
60 83 99.999
60 84 99.999
60 85 99.999
60 86 99.999
60 87 99.999
60 88 99.999
60 89 99.999
60 90 99.999
60 91 99.999
60 92 99.999
60 93 99.999
60 94 99.999
60 95 99.999
60 96 99.999
60 97 99.999
60 98 99.999
60 99 99.999
60 100 99.999
61 62 99.999
61 63 99.999
61 64 99.999
61 65 99.999
61 66 99.999
61 67 99.999
61 68 99.999
61 69 99.999
61 70 99.999
61 71 99.999
61 72 99.999
61 73 99.999
61 74 99.999
61 75 99.999
61 76 99.999
61 77 99.999
61 78 99.999
61 79 99.999
61 80 99.999
61 81 99.999
61 82 99.999
61 83 99.999
61 84 99.999
61 85 99.999
61 86 99.999
61 87 99.999
61 88 99.999
61 89 99.999
61 90 99.999
61 91 99.999
61 92 99.999
61 93 99.999
61 94 99.999
61 95 99.999
61 96 99.999
61 97 99.999
61 98 99.999
61 99 99.999
61 100 99.999
62 63 99.999
62 64 99.999
62 65 99.999
62 66 99.999
62 67 99.999
62 68 99.999
62 69 99.999
62 70 99.999
62 71 99.999
62 72 99.999
62 73 99.999
62 74 99.999
62 75 99.999
62 76 99.999
62 77 99.999
62 78 99.999
62 79 99.999
62 80 99.999
62 81 99.999
62 82 99.999
62 83 99.999
62 84 99.999
62 85 99.999
62 86 99.999
62 87 99.999
62 88 99.999
62 89 99.999
62 90 99.999
62 91 99.999
62 92 99.999
62 93 99.999
62 94 99.999
62 95 99.999
62 96 99.999
62 97 99.999
62 98 99.999
62 99 99.999
62 100 99.999
63 64 99.999
63 65 99.999
63 66 99.999
63 67 99.999
63 68 99.999
63 69 99.999
63 70 99.999
63 71 99.999
63 72 99.999
63 73 99.999
63 74 99.999
63 75 99.999
63 76 99.999
63 77 99.999
63 78 99.999
63 79 99.999
63 80 99.999
63 81 99.999
63 82 99.999
63 83 99.999
63 84 99.999
63 85 99.999
63 86 99.999
63 87 99.999
63 88 99.999
63 89 99.999
63 90 99.999
63 91 99.999
63 92 99.999
63 93 99.999
63 94 99.999
63 95 99.999
63 96 99.999
63 97 99.999
63 98 99.999
63 99 99.999
63 100 99.999
64 65 99.999
64 66 99.999
64 67 99.999
64 68 99.999
64 69 99.999
64 70 99.999
64 71 99.999
64 72 99.999
64 73 99.999
64 74 99.999
64 75 99.999
64 76 99.999
64 77 99.999
64 78 99.999
64 79 99.999
64 80 99.999
64 81 99.999
64 82 99.999
64 83 99.999
64 84 99.999
64 85 99.999
64 86 99.999
64 87 99.999
64 88 99.999
64 89 99.999
64 90 99.999
64 91 99.999
64 92 99.999
64 93 99.999
64 94 99.999
64 95 99.999
64 96 99.999
64 97 99.999
64 98 99.999
64 99 99.999
64 100 99.999
65 66 99.999
65 67 99.999
65 68 99.999
65 69 99.999
65 70 99.999
65 71 99.999
65 72 99.999
65 73 99.999
65 74 99.999
65 75 99.999
65 76 99.999
65 77 99.999
65 78 99.999
65 79 99.999
65 80 99.999
65 81 99.999
65 82 99.999
65 83 99.999
65 84 99.999
65 85 99.999
65 86 99.999
65 87 99.999
65 88 99.999
65 89 99.999
65 90 99.999
65 91 99.999
65 92 99.999
65 93 99.999
65 94 99.999
65 95 99.999
65 96 99.999
65 97 99.999
65 98 99.999
65 99 99.999
65 100 99.999
66 67 99.999
66 68 99.999
66 69 99.999
66 70 99.999
66 71 99.999
66 72 99.999
66 73 99.999
66 74 99.999
66 75 99.999
66 76 99.999
66 77 99.999
66 78 99.999
66 79 99.999
66 80 99.999
66 81 99.999
66 82 99.999
66 83 99.999
66 84 99.999
66 85 99.999
66 86 99.999
66 87 99.999
66 88 99.999
66 89 99.999
66 90 99.999
66 91 99.999
66 92 99.999
66 93 99.999
66 94 99.999
66 95 99.999
66 96 99.999
66 97 99.999
66 98 99.999
66 99 99.999
66 100 99.999
67 68 99.999
67 69 99.999
67 70 99.999
67 71 99.999
67 72 99.999
67 73 99.999
67 74 99.999
67 75 99.999
67 76 99.999
67 77 99.999
67 78 99.999
67 79 99.999
67 80 99.999
67 81 99.999
67 82 99.999
67 83 99.999
67 84 99.999
67 85 99.999
67 86 99.999
67 87 99.999
67 88 99.999
67 89 99.999
67 90 99.999
67 91 99.999
67 92 99.999
67 93 99.999
67 94 99.999
67 95 99.999
67 96 99.999
67 97 99.999
67 98 99.999
67 99 99.999
67 100 99.999
68 69 99.999
68 70 99.999
68 71 99.999
68 72 99.999
68 73 99.999
68 74 99.999
68 75 99.999
68 76 99.999
68 77 99.999
68 78 99.999
68 79 99.999
68 80 99.999
68 81 99.999
68 82 99.999
68 83 99.999
68 84 99.999
68 85 99.999
68 86 99.999
68 87 99.999
68 88 99.999
68 89 99.999
68 90 99.999
68 91 99.999
68 92 99.999
68 93 99.999
68 94 99.999
68 95 99.999
68 96 99.999
68 97 99.999
68 98 99.999
68 99 99.999
68 100 99.999
69 70 99.999
69 71 99.999
69 72 99.999
69 73 99.999
69 74 99.999
69 75 99.999
69 76 99.999
69 77 99.999
69 78 99.999
69 79 99.999
69 80 99.999
69 81 99.999
69 82 99.999
69 83 99.999
69 84 99.999
69 85 99.999
69 86 99.999
69 87 99.999
69 88 99.999
69 89 99.999
69 90 99.999
69 91 99.999
69 92 99.999
69 93 99.999
69 94 99.999
69 95 99.999
69 96 99.999
69 97 99.999
69 98 99.999
69 99 99.999
69 100 99.999
70 71 99.999
70 72 99.999
70 73 99.999
70 74 99.999
70 75 99.999
70 76 99.999
70 77 99.999
70 78 99.999
70 79 99.999
70 80 99.999
70 81 99.999
70 82 99.999
70 83 99.999
70 84 99.999
70 85 99.999
70 86 99.999
70 87 99.999
70 88 99.999
70 89 99.999
70 90 99.999
70 91 99.999
70 92 99.999
70 93 99.999
70 94 99.999
70 95 99.999
70 96 99.999
70 97 99.999
70 98 99.999
70 99 99.999
70 100 99.999
71 72 99.999
71 73 99.999
71 74 99.999
71 75 99.999
71 76 99.999
71 77 99.999
71 78 99.999
71 79 99.999
71 80 99.999
71 81 99.999
71 82 99.999
71 83 99.999
71 84 99.999
71 85 99.999
71 86 99.999
71 87 99.999
71 88 99.999
71 89 99.999
71 90 99.999
71 91 99.999
71 92 99.999
71 93 99.999
71 94 99.999
71 95 99.999
71 96 99.999
71 97 99.999
71 98 99.999
71 99 99.999
71 100 99.999
72 73 99.999
72 74 99.999
72 75 99.999
72 76 99.999
72 77 99.999
72 78 99.999
72 79 99.999
72 80 99.999
72 81 99.999
72 82 99.999
72 83 99.999
72 84 99.999
72 85 99.999
72 86 99.999
72 87 99.999
72 88 99.999
72 89 99.999
72 90 99.999
72 91 99.999
72 92 99.999
72 93 99.999
72 94 99.999
72 95 99.999
72 96 99.999
72 97 99.999
72 98 99.999
72 99 99.999
72 100 99.999
73 74 99.999
73 75 99.999
73 76 99.999
73 77 99.999
73 78 99.999
73 79 99.999
73 80 99.999
73 81 99.999
73 82 99.999
73 83 99.999
73 84 99.999
73 85 99.999
73 86 99.999
73 87 99.999
73 88 99.999
73 89 99.999
73 90 99.999
73 91 99.999
73 92 99.999
73 93 99.999
73 94 99.999
73 95 99.999
73 96 99.999
73 97 99.999
73 98 99.999
73 99 99.999
73 100 99.999
74 75 99.999
74 76 99.999
74 77 99.999
74 78 99.999
74 79 99.999
74 80 99.999
74 81 99.999
74 82 99.999
74 83 99.999
74 84 99.999
74 85 99.999
74 86 99.999
74 87 99.999
74 88 99.999
74 89 99.999
74 90 99.999
74 91 99.999
74 92 99.999
74 93 99.999
74 94 99.999
74 95 99.999
74 96 99.999
74 97 99.999
74 98 99.999
74 99 99.999
74 100 99.999
75 76 99.999
75 77 99.999
75 78 99.999
75 79 99.999
75 80 99.999
75 81 99.999
75 82 99.999
75 83 99.999
75 84 99.999
75 85 99.999
75 86 99.999
75 87 99.999
75 88 99.999
75 89 99.999
75 90 99.999
75 91 99.999
75 92 99.999
75 93 99.999
75 94 99.999
75 95 99.999
75 96 99.999
75 97 99.999
75 98 99.999
75 99 99.999
75 100 99.999
76 77 99.999
76 78 99.999
76 79 99.999
76 80 99.999
76 81 99.999
76 82 99.999
76 83 99.999
76 84 99.999
76 85 99.999
76 86 99.999
76 87 99.999
76 88 99.999
76 89 99.999
76 90 99.999
76 91 99.999
76 92 99.999
76 93 99.999
76 94 99.999
76 95 99.999
76 96 99.999
76 97 99.999
76 98 99.999
76 99 99.999
76 100 99.999
77 78 99.999
77 79 99.999
77 80 99.999
77 81 99.999
77 82 99.999
77 83 99.999
77 84 99.999
77 85 99.999
77 86 99.999
77 87 99.999
77 88 99.999
77 89 99.999
77 90 99.999
77 91 99.999
77 92 99.999
77 93 99.999
77 94 99.999
77 95 99.999
77 96 99.999
77 97 99.999
77 98 99.999
77 99 99.999
77 100 99.999
78 79 99.999
78 80 99.999
78 81 99.999
78 82 99.999
78 83 99.999
78 84 99.999
78 85 99.999
78 86 99.999
78 87 99.999
78 88 99.999
78 89 99.999
78 90 99.999
78 91 99.999
78 92 99.999
78 93 99.999
78 94 99.999
78 95 99.999
78 96 99.999
78 97 99.999
78 98 99.999
78 99 99.999
78 100 99.999
79 80 99.999
79 81 99.999
79 82 99.999
79 83 99.999
79 84 99.999
79 85 99.999
79 86 99.999
79 87 99.999
79 88 99.999
79 89 99.999
79 90 99.999
79 91 99.999
79 92 99.999
79 93 99.999
79 94 99.999
79 95 99.999
79 96 99.999
79 97 99.999
79 98 99.999
79 99 99.999
79 100 99.999
80 81 99.999
80 82 99.999
80 83 99.999
80 84 99.999
80 85 99.999
80 86 99.999
80 87 99.999
80 88 99.999
80 89 99.999
80 90 99.999
80 91 99.999
80 92 99.999
80 93 99.999
80 94 99.999
80 95 99.999
80 96 99.999
80 97 99.999
80 98 99.999
80 99 99.999
80 100 99.999
81 82 99.999
81 83 99.999
81 84 99.999
81 85 99.999
81 86 99.999
81 87 99.999
81 88 99.999
81 89 99.999
81 90 99.999
81 91 99.999
81 92 99.999
81 93 99.999
81 94 99.999
81 95 99.999
81 96 99.999
81 97 99.999
81 98 99.999
81 99 99.999
81 100 99.999
82 83 99.999
82 84 99.999
82 85 99.999
82 86 99.999
82 87 99.999
82 88 99.999
82 89 99.999
82 90 99.999
82 91 99.999
82 92 99.999
82 93 99.999
82 94 99.999
82 95 99.999
82 96 99.999
82 97 99.999
82 98 99.999
82 99 99.999
82 100 99.999
83 84 99.999
83 85 99.999
83 86 99.999
83 87 99.999
83 88 99.999
83 89 99.999
83 90 99.999
83 91 99.999
83 92 99.999
83 93 99.999
83 94 99.999
83 95 99.999
83 96 99.999
83 97 99.999
83 98 99.999
83 99 99.999
83 100 99.999
84 85 99.999
84 86 99.999
84 87 99.999
84 88 99.999
84 89 99.999
84 90 99.999
84 91 99.999
84 92 99.999
84 93 99.999
84 94 99.999
84 95 99.999
84 96 99.999
84 97 99.999
84 98 99.999
84 99 99.999
84 100 99.999
85 86 99.999
85 87 99.999
85 88 99.999
85 89 99.999
85 90 99.999
85 91 99.999
85 92 99.999
85 93 99.999
85 94 99.999
85 95 99.999
85 96 99.999
85 97 99.999
85 98 99.999
85 99 99.999
85 100 99.999
86 87 99.999
86 88 99.999
86 89 99.999
86 90 99.999
86 91 99.999
86 92 99.999
86 93 99.999
86 94 99.999
86 95 99.999
86 96 99.999
86 97 99.999
86 98 99.999
86 99 99.999
86 100 99.999
87 88 99.999
87 89 99.999
87 90 99.999
87 91 99.999
87 92 99.999
87 93 99.999
87 94 99.999
87 95 99.999
87 96 99.999
87 97 99.999
87 98 99.999
87 99 99.999
87 100 99.999
88 89 99.999
88 90 99.999
88 91 99.999
88 92 99.999
88 93 99.999
88 94 99.999
88 95 99.999
88 96 99.999
88 97 99.999
88 98 99.999
88 99 99.999
88 100 99.999
89 90 99.999
89 91 99.999
89 92 99.999
89 93 99.999
89 94 99.999
89 95 99.999
89 96 99.999
89 97 99.999
89 98 99.999
89 99 99.999
89 100 99.999
90 91 99.999
90 92 99.999
90 93 99.999
90 94 99.999
90 95 99.999
90 96 99.999
90 97 99.999
90 98 99.999
90 99 99.999
90 100 99.999
91 92 99.999
91 93 99.999
91 94 99.999
91 95 99.999
91 96 99.999
91 97 99.999
91 98 99.999
91 99 99.999
91 100 99.999
92 93 99.999
92 94 99.999
92 95 99.999
92 96 99.999
92 97 99.999
92 98 99.999
92 99 99.999
92 100 99.999
93 94 99.999
93 95 99.999
93 96 99.999
93 97 99.999
93 98 99.999
93 99 99.999
93 100 99.999
94 95 99.999
94 96 99.999
94 97 99.999
94 98 99.999
94 99 99.999
94 100 99.999
95 96 99.999
95 97 99.999
95 98 99.999
95 99 99.999
95 100 99.999
96 97 99.999
96 98 99.999
96 99 99.999
96 100 99.999
97 98 99.999
97 99 99.999
97 100 99.999
98 99 99.999
98 100 99.999
99 100 99.999
